x: 0.07211362570524216
y: -0.025401998311281204
z: 0.6975412964820862